{
 "cells": [
  {
   "cell_type": "code",
   "execution_count": 1,
   "metadata": {},
   "outputs": [],
   "source": [
    "import numpy as np\n",
    "import pandas as pd\n",
    "import matplotlib.pyplot as plt\n",
    "import seaborn as sns\n",
    "\n",
    "%matplotlib inline"
   ]
  },
  {
   "cell_type": "code",
   "execution_count": 2,
   "metadata": {},
   "outputs": [
    {
     "data": {
      "text/html": [
       "<div>\n",
       "<style scoped>\n",
       "    .dataframe tbody tr th:only-of-type {\n",
       "        vertical-align: middle;\n",
       "    }\n",
       "\n",
       "    .dataframe tbody tr th {\n",
       "        vertical-align: top;\n",
       "    }\n",
       "\n",
       "    .dataframe thead th {\n",
       "        text-align: right;\n",
       "    }\n",
       "</style>\n",
       "<table border=\"1\" class=\"dataframe\">\n",
       "  <thead>\n",
       "    <tr style=\"text-align: right;\">\n",
       "      <th></th>\n",
       "      <th>id</th>\n",
       "      <th>set</th>\n",
       "      <th>year</th>\n",
       "      <th>onset_date</th>\n",
       "      <th>y_true</th>\n",
       "      <th>pred_date</th>\n",
       "      <th>y_pred_best</th>\n",
       "      <th>error_best</th>\n",
       "      <th>error_abs_best</th>\n",
       "      <th>y_pred_latest</th>\n",
       "      <th>error_latest</th>\n",
       "      <th>error_abs_latest</th>\n",
       "    </tr>\n",
       "  </thead>\n",
       "  <tbody>\n",
       "    <tr>\n",
       "      <th>0</th>\n",
       "      <td>34</td>\n",
       "      <td>test</td>\n",
       "      <td>1985</td>\n",
       "      <td>30.05.1985</td>\n",
       "      <td>1</td>\n",
       "      <td>05/29</td>\n",
       "      <td>1.2358</td>\n",
       "      <td>0.2358</td>\n",
       "      <td>0.2358</td>\n",
       "      <td>-0.052827</td>\n",
       "      <td>-1.052827</td>\n",
       "      <td>1.052827</td>\n",
       "    </tr>\n",
       "    <tr>\n",
       "      <th>1</th>\n",
       "      <td>34</td>\n",
       "      <td>test</td>\n",
       "      <td>1985</td>\n",
       "      <td>30.05.1985</td>\n",
       "      <td>2</td>\n",
       "      <td>05/28</td>\n",
       "      <td>1.5560</td>\n",
       "      <td>-0.4440</td>\n",
       "      <td>0.4440</td>\n",
       "      <td>0.065858</td>\n",
       "      <td>-1.934142</td>\n",
       "      <td>1.934142</td>\n",
       "    </tr>\n",
       "    <tr>\n",
       "      <th>2</th>\n",
       "      <td>34</td>\n",
       "      <td>test</td>\n",
       "      <td>1985</td>\n",
       "      <td>30.05.1985</td>\n",
       "      <td>3</td>\n",
       "      <td>05/27</td>\n",
       "      <td>2.0656</td>\n",
       "      <td>-0.9344</td>\n",
       "      <td>0.9344</td>\n",
       "      <td>0.883725</td>\n",
       "      <td>-2.116275</td>\n",
       "      <td>2.116275</td>\n",
       "    </tr>\n",
       "    <tr>\n",
       "      <th>3</th>\n",
       "      <td>34</td>\n",
       "      <td>test</td>\n",
       "      <td>1985</td>\n",
       "      <td>30.05.1985</td>\n",
       "      <td>4</td>\n",
       "      <td>05/26</td>\n",
       "      <td>3.1431</td>\n",
       "      <td>-0.8569</td>\n",
       "      <td>0.8569</td>\n",
       "      <td>1.905645</td>\n",
       "      <td>-2.094355</td>\n",
       "      <td>2.094355</td>\n",
       "    </tr>\n",
       "    <tr>\n",
       "      <th>4</th>\n",
       "      <td>34</td>\n",
       "      <td>test</td>\n",
       "      <td>1985</td>\n",
       "      <td>30.05.1985</td>\n",
       "      <td>5</td>\n",
       "      <td>05/25</td>\n",
       "      <td>4.2556</td>\n",
       "      <td>-0.7444</td>\n",
       "      <td>0.7444</td>\n",
       "      <td>2.506734</td>\n",
       "      <td>-2.493266</td>\n",
       "      <td>2.493266</td>\n",
       "    </tr>\n",
       "  </tbody>\n",
       "</table>\n",
       "</div>"
      ],
      "text/plain": [
       "   id   set  year  onset_date  y_true pred_date  y_pred_best  error_best  \\\n",
       "0  34  test  1985  30.05.1985       1     05/29       1.2358      0.2358   \n",
       "1  34  test  1985  30.05.1985       2     05/28       1.5560     -0.4440   \n",
       "2  34  test  1985  30.05.1985       3     05/27       2.0656     -0.9344   \n",
       "3  34  test  1985  30.05.1985       4     05/26       3.1431     -0.8569   \n",
       "4  34  test  1985  30.05.1985       5     05/25       4.2556     -0.7444   \n",
       "\n",
       "   error_abs_best  y_pred_latest  error_latest  error_abs_latest  \n",
       "0          0.2358      -0.052827     -1.052827          1.052827  \n",
       "1          0.4440       0.065858     -1.934142          1.934142  \n",
       "2          0.9344       0.883725     -2.116275          2.116275  \n",
       "3          0.8569       1.905645     -2.094355          2.094355  \n",
       "4          0.7444       2.506734     -2.493266          2.493266  "
      ]
     },
     "execution_count": 2,
     "metadata": {},
     "output_type": "execute_result"
    }
   ],
   "source": [
    "df = pd.read_csv('../../thesis/references/TestAccurracy.csv', sep=';')\n",
    "df.head()"
   ]
  },
  {
   "cell_type": "code",
   "execution_count": 3,
   "metadata": {},
   "outputs": [],
   "source": [
    "df = df.sort_values(by='pred_date')"
   ]
  },
  {
   "cell_type": "code",
   "execution_count": 4,
   "metadata": {},
   "outputs": [
    {
     "data": {
      "text/plain": [
       "id                  0\n",
       "set                 0\n",
       "year                0\n",
       "onset_date          0\n",
       "y_true              0\n",
       "pred_date           0\n",
       "y_pred_best         0\n",
       "error_best          0\n",
       "error_abs_best      0\n",
       "y_pred_latest       0\n",
       "error_latest        0\n",
       "error_abs_latest    0\n",
       "dtype: int64"
      ]
     },
     "execution_count": 4,
     "metadata": {},
     "output_type": "execute_result"
    }
   ],
   "source": [
    "df.isna().sum()"
   ]
  },
  {
   "cell_type": "code",
   "execution_count": 5,
   "metadata": {},
   "outputs": [
    {
     "data": {
      "text/html": [
       "<div>\n",
       "<style scoped>\n",
       "    .dataframe tbody tr th:only-of-type {\n",
       "        vertical-align: middle;\n",
       "    }\n",
       "\n",
       "    .dataframe tbody tr th {\n",
       "        vertical-align: top;\n",
       "    }\n",
       "\n",
       "    .dataframe thead th {\n",
       "        text-align: right;\n",
       "    }\n",
       "</style>\n",
       "<table border=\"1\" class=\"dataframe\">\n",
       "  <thead>\n",
       "    <tr style=\"text-align: right;\">\n",
       "      <th></th>\n",
       "      <th>set</th>\n",
       "      <th>year</th>\n",
       "      <th>id</th>\n",
       "      <th>y_true</th>\n",
       "      <th>y_pred_best</th>\n",
       "      <th>error_best</th>\n",
       "      <th>error_abs_best</th>\n",
       "      <th>y_pred_latest</th>\n",
       "      <th>error_latest</th>\n",
       "      <th>error_abs_latest</th>\n",
       "    </tr>\n",
       "  </thead>\n",
       "  <tbody>\n",
       "    <tr>\n",
       "      <th>0</th>\n",
       "      <td>dev</td>\n",
       "      <td>1980</td>\n",
       "      <td>36.0</td>\n",
       "      <td>15.5</td>\n",
       "      <td>15.207238</td>\n",
       "      <td>-0.292762</td>\n",
       "      <td>2.455932</td>\n",
       "      <td>16.397451</td>\n",
       "      <td>0.897451</td>\n",
       "      <td>2.457338</td>\n",
       "    </tr>\n",
       "    <tr>\n",
       "      <th>1</th>\n",
       "      <td>dev</td>\n",
       "      <td>1990</td>\n",
       "      <td>36.0</td>\n",
       "      <td>15.5</td>\n",
       "      <td>23.149580</td>\n",
       "      <td>7.649580</td>\n",
       "      <td>7.879184</td>\n",
       "      <td>26.870906</td>\n",
       "      <td>11.370906</td>\n",
       "      <td>13.161564</td>\n",
       "    </tr>\n",
       "    <tr>\n",
       "      <th>2</th>\n",
       "      <td>dev</td>\n",
       "      <td>2000</td>\n",
       "      <td>36.0</td>\n",
       "      <td>15.5</td>\n",
       "      <td>10.744908</td>\n",
       "      <td>-4.755092</td>\n",
       "      <td>4.835664</td>\n",
       "      <td>12.119088</td>\n",
       "      <td>-3.380912</td>\n",
       "      <td>3.561595</td>\n",
       "    </tr>\n",
       "    <tr>\n",
       "      <th>3</th>\n",
       "      <td>dev</td>\n",
       "      <td>2010</td>\n",
       "      <td>36.0</td>\n",
       "      <td>15.5</td>\n",
       "      <td>19.098800</td>\n",
       "      <td>3.598800</td>\n",
       "      <td>5.337549</td>\n",
       "      <td>21.476949</td>\n",
       "      <td>5.976949</td>\n",
       "      <td>6.307754</td>\n",
       "    </tr>\n",
       "    <tr>\n",
       "      <th>4</th>\n",
       "      <td>dev</td>\n",
       "      <td>2016</td>\n",
       "      <td>36.0</td>\n",
       "      <td>15.5</td>\n",
       "      <td>11.930035</td>\n",
       "      <td>-3.569965</td>\n",
       "      <td>4.200936</td>\n",
       "      <td>11.860849</td>\n",
       "      <td>-3.639151</td>\n",
       "      <td>4.136955</td>\n",
       "    </tr>\n",
       "    <tr>\n",
       "      <th>5</th>\n",
       "      <td>test</td>\n",
       "      <td>1985</td>\n",
       "      <td>36.0</td>\n",
       "      <td>15.5</td>\n",
       "      <td>14.079157</td>\n",
       "      <td>-1.420843</td>\n",
       "      <td>3.067656</td>\n",
       "      <td>15.564742</td>\n",
       "      <td>0.064742</td>\n",
       "      <td>1.983346</td>\n",
       "    </tr>\n",
       "    <tr>\n",
       "      <th>6</th>\n",
       "      <td>test</td>\n",
       "      <td>1995</td>\n",
       "      <td>36.0</td>\n",
       "      <td>15.5</td>\n",
       "      <td>13.307276</td>\n",
       "      <td>-2.192724</td>\n",
       "      <td>3.535866</td>\n",
       "      <td>14.912927</td>\n",
       "      <td>-0.587073</td>\n",
       "      <td>2.610699</td>\n",
       "    </tr>\n",
       "    <tr>\n",
       "      <th>7</th>\n",
       "      <td>test</td>\n",
       "      <td>2003</td>\n",
       "      <td>36.0</td>\n",
       "      <td>15.5</td>\n",
       "      <td>13.699566</td>\n",
       "      <td>-1.800434</td>\n",
       "      <td>3.350704</td>\n",
       "      <td>14.509229</td>\n",
       "      <td>-0.990771</td>\n",
       "      <td>2.387890</td>\n",
       "    </tr>\n",
       "    <tr>\n",
       "      <th>8</th>\n",
       "      <td>test</td>\n",
       "      <td>2004</td>\n",
       "      <td>36.0</td>\n",
       "      <td>15.5</td>\n",
       "      <td>18.519020</td>\n",
       "      <td>3.019020</td>\n",
       "      <td>4.599107</td>\n",
       "      <td>19.985379</td>\n",
       "      <td>4.485379</td>\n",
       "      <td>5.305509</td>\n",
       "    </tr>\n",
       "    <tr>\n",
       "      <th>9</th>\n",
       "      <td>test</td>\n",
       "      <td>2005</td>\n",
       "      <td>36.0</td>\n",
       "      <td>15.5</td>\n",
       "      <td>14.091575</td>\n",
       "      <td>-1.408425</td>\n",
       "      <td>3.672447</td>\n",
       "      <td>14.129588</td>\n",
       "      <td>-1.370412</td>\n",
       "      <td>2.778753</td>\n",
       "    </tr>\n",
       "    <tr>\n",
       "      <th>10</th>\n",
       "      <td>test</td>\n",
       "      <td>2014</td>\n",
       "      <td>36.0</td>\n",
       "      <td>15.5</td>\n",
       "      <td>17.298371</td>\n",
       "      <td>1.798371</td>\n",
       "      <td>3.467480</td>\n",
       "      <td>17.978903</td>\n",
       "      <td>2.478903</td>\n",
       "      <td>3.646591</td>\n",
       "    </tr>\n",
       "    <tr>\n",
       "      <th>11</th>\n",
       "      <td>test</td>\n",
       "      <td>2015</td>\n",
       "      <td>36.0</td>\n",
       "      <td>15.5</td>\n",
       "      <td>14.060261</td>\n",
       "      <td>-1.439739</td>\n",
       "      <td>2.803361</td>\n",
       "      <td>14.174548</td>\n",
       "      <td>-1.325452</td>\n",
       "      <td>2.960941</td>\n",
       "    </tr>\n",
       "    <tr>\n",
       "      <th>12</th>\n",
       "      <td>test</td>\n",
       "      <td>2017</td>\n",
       "      <td>36.0</td>\n",
       "      <td>15.5</td>\n",
       "      <td>15.724115</td>\n",
       "      <td>0.224115</td>\n",
       "      <td>3.268149</td>\n",
       "      <td>17.844774</td>\n",
       "      <td>2.344774</td>\n",
       "      <td>2.782668</td>\n",
       "    </tr>\n",
       "  </tbody>\n",
       "</table>\n",
       "</div>"
      ],
      "text/plain": [
       "     set  year    id  y_true  y_pred_best  error_best  error_abs_best  \\\n",
       "0    dev  1980  36.0    15.5    15.207238   -0.292762        2.455932   \n",
       "1    dev  1990  36.0    15.5    23.149580    7.649580        7.879184   \n",
       "2    dev  2000  36.0    15.5    10.744908   -4.755092        4.835664   \n",
       "3    dev  2010  36.0    15.5    19.098800    3.598800        5.337549   \n",
       "4    dev  2016  36.0    15.5    11.930035   -3.569965        4.200936   \n",
       "5   test  1985  36.0    15.5    14.079157   -1.420843        3.067656   \n",
       "6   test  1995  36.0    15.5    13.307276   -2.192724        3.535866   \n",
       "7   test  2003  36.0    15.5    13.699566   -1.800434        3.350704   \n",
       "8   test  2004  36.0    15.5    18.519020    3.019020        4.599107   \n",
       "9   test  2005  36.0    15.5    14.091575   -1.408425        3.672447   \n",
       "10  test  2014  36.0    15.5    17.298371    1.798371        3.467480   \n",
       "11  test  2015  36.0    15.5    14.060261   -1.439739        2.803361   \n",
       "12  test  2017  36.0    15.5    15.724115    0.224115        3.268149   \n",
       "\n",
       "    y_pred_latest  error_latest  error_abs_latest  \n",
       "0       16.397451      0.897451          2.457338  \n",
       "1       26.870906     11.370906         13.161564  \n",
       "2       12.119088     -3.380912          3.561595  \n",
       "3       21.476949      5.976949          6.307754  \n",
       "4       11.860849     -3.639151          4.136955  \n",
       "5       15.564742      0.064742          1.983346  \n",
       "6       14.912927     -0.587073          2.610699  \n",
       "7       14.509229     -0.990771          2.387890  \n",
       "8       19.985379      4.485379          5.305509  \n",
       "9       14.129588     -1.370412          2.778753  \n",
       "10      17.978903      2.478903          3.646591  \n",
       "11      14.174548     -1.325452          2.960941  \n",
       "12      17.844774      2.344774          2.782668  "
      ]
     },
     "execution_count": 5,
     "metadata": {},
     "output_type": "execute_result"
    }
   ],
   "source": [
    "year_groups = df[df['id'] > 31].groupby(['set', 'year']).mean().reset_index()\n",
    "year_groups"
   ]
  },
  {
   "cell_type": "code",
   "execution_count": 26,
   "metadata": {},
   "outputs": [
    {
     "data": {
      "text/html": [
       "<div>\n",
       "<style scoped>\n",
       "    .dataframe tbody tr th:only-of-type {\n",
       "        vertical-align: middle;\n",
       "    }\n",
       "\n",
       "    .dataframe tbody tr th {\n",
       "        vertical-align: top;\n",
       "    }\n",
       "\n",
       "    .dataframe thead th {\n",
       "        text-align: right;\n",
       "    }\n",
       "</style>\n",
       "<table border=\"1\" class=\"dataframe\">\n",
       "  <thead>\n",
       "    <tr style=\"text-align: right;\">\n",
       "      <th></th>\n",
       "      <th>id</th>\n",
       "      <th>year</th>\n",
       "      <th>y_true</th>\n",
       "      <th>y_pred_best</th>\n",
       "      <th>error_best</th>\n",
       "      <th>error_abs_best</th>\n",
       "      <th>y_pred_latest</th>\n",
       "      <th>error_latest</th>\n",
       "      <th>error_abs_latest</th>\n",
       "    </tr>\n",
       "    <tr>\n",
       "      <th>onset_date</th>\n",
       "      <th></th>\n",
       "      <th></th>\n",
       "      <th></th>\n",
       "      <th></th>\n",
       "      <th></th>\n",
       "      <th></th>\n",
       "      <th></th>\n",
       "      <th></th>\n",
       "      <th></th>\n",
       "    </tr>\n",
       "  </thead>\n",
       "  <tbody>\n",
       "    <tr>\n",
       "      <th>03.06.2000</th>\n",
       "      <td>36.0</td>\n",
       "      <td>2000.0</td>\n",
       "      <td>15.5</td>\n",
       "      <td>10.744908</td>\n",
       "      <td>-4.755092</td>\n",
       "      <td>4.835664</td>\n",
       "      <td>12.119088</td>\n",
       "      <td>-3.380912</td>\n",
       "      <td>3.561595</td>\n",
       "    </tr>\n",
       "    <tr>\n",
       "      <th>04.06.1980</th>\n",
       "      <td>36.0</td>\n",
       "      <td>1980.0</td>\n",
       "      <td>15.5</td>\n",
       "      <td>15.207238</td>\n",
       "      <td>-0.292762</td>\n",
       "      <td>2.455932</td>\n",
       "      <td>16.397451</td>\n",
       "      <td>0.897451</td>\n",
       "      <td>2.457338</td>\n",
       "    </tr>\n",
       "    <tr>\n",
       "      <th>05.06.2015</th>\n",
       "      <td>36.0</td>\n",
       "      <td>2015.0</td>\n",
       "      <td>15.5</td>\n",
       "      <td>14.060261</td>\n",
       "      <td>-1.439739</td>\n",
       "      <td>2.803361</td>\n",
       "      <td>14.174548</td>\n",
       "      <td>-1.325452</td>\n",
       "      <td>2.960941</td>\n",
       "    </tr>\n",
       "    <tr>\n",
       "      <th>06.06.2014</th>\n",
       "      <td>36.0</td>\n",
       "      <td>2014.0</td>\n",
       "      <td>15.5</td>\n",
       "      <td>17.298371</td>\n",
       "      <td>1.798371</td>\n",
       "      <td>3.467480</td>\n",
       "      <td>17.978903</td>\n",
       "      <td>2.478903</td>\n",
       "      <td>3.646591</td>\n",
       "    </tr>\n",
       "    <tr>\n",
       "      <th>07.06.2005</th>\n",
       "      <td>36.0</td>\n",
       "      <td>2005.0</td>\n",
       "      <td>15.5</td>\n",
       "      <td>14.091575</td>\n",
       "      <td>-1.408425</td>\n",
       "      <td>3.672447</td>\n",
       "      <td>14.129588</td>\n",
       "      <td>-1.370412</td>\n",
       "      <td>2.778753</td>\n",
       "    </tr>\n",
       "    <tr>\n",
       "      <th>08.06.2016</th>\n",
       "      <td>36.0</td>\n",
       "      <td>2016.0</td>\n",
       "      <td>15.5</td>\n",
       "      <td>11.930035</td>\n",
       "      <td>-3.569965</td>\n",
       "      <td>4.200936</td>\n",
       "      <td>11.860849</td>\n",
       "      <td>-3.639151</td>\n",
       "      <td>4.136955</td>\n",
       "    </tr>\n",
       "    <tr>\n",
       "      <th>10.06.1995</th>\n",
       "      <td>36.0</td>\n",
       "      <td>1995.0</td>\n",
       "      <td>15.5</td>\n",
       "      <td>13.307276</td>\n",
       "      <td>-2.192724</td>\n",
       "      <td>3.535866</td>\n",
       "      <td>14.912927</td>\n",
       "      <td>-0.587073</td>\n",
       "      <td>2.610699</td>\n",
       "    </tr>\n",
       "    <tr>\n",
       "      <th>11.06.2003</th>\n",
       "      <td>36.0</td>\n",
       "      <td>2003.0</td>\n",
       "      <td>15.5</td>\n",
       "      <td>13.699566</td>\n",
       "      <td>-1.800434</td>\n",
       "      <td>3.350704</td>\n",
       "      <td>14.509229</td>\n",
       "      <td>-0.990771</td>\n",
       "      <td>2.387890</td>\n",
       "    </tr>\n",
       "    <tr>\n",
       "      <th>20.05.1990</th>\n",
       "      <td>36.0</td>\n",
       "      <td>1990.0</td>\n",
       "      <td>15.5</td>\n",
       "      <td>23.149580</td>\n",
       "      <td>7.649580</td>\n",
       "      <td>7.879184</td>\n",
       "      <td>26.870906</td>\n",
       "      <td>11.370906</td>\n",
       "      <td>13.161564</td>\n",
       "    </tr>\n",
       "    <tr>\n",
       "      <th>23.05.2004</th>\n",
       "      <td>36.0</td>\n",
       "      <td>2004.0</td>\n",
       "      <td>15.5</td>\n",
       "      <td>18.519020</td>\n",
       "      <td>3.019020</td>\n",
       "      <td>4.599107</td>\n",
       "      <td>19.985379</td>\n",
       "      <td>4.485379</td>\n",
       "      <td>5.305509</td>\n",
       "    </tr>\n",
       "    <tr>\n",
       "      <th>30.05.1985</th>\n",
       "      <td>36.0</td>\n",
       "      <td>1985.0</td>\n",
       "      <td>15.5</td>\n",
       "      <td>14.079157</td>\n",
       "      <td>-1.420843</td>\n",
       "      <td>3.067656</td>\n",
       "      <td>15.564742</td>\n",
       "      <td>0.064742</td>\n",
       "      <td>1.983346</td>\n",
       "    </tr>\n",
       "    <tr>\n",
       "      <th>30.05.2017</th>\n",
       "      <td>36.0</td>\n",
       "      <td>2017.0</td>\n",
       "      <td>15.5</td>\n",
       "      <td>15.724115</td>\n",
       "      <td>0.224115</td>\n",
       "      <td>3.268149</td>\n",
       "      <td>17.844774</td>\n",
       "      <td>2.344774</td>\n",
       "      <td>2.782668</td>\n",
       "    </tr>\n",
       "    <tr>\n",
       "      <th>31.05.2010</th>\n",
       "      <td>36.0</td>\n",
       "      <td>2010.0</td>\n",
       "      <td>15.5</td>\n",
       "      <td>19.098800</td>\n",
       "      <td>3.598800</td>\n",
       "      <td>5.337549</td>\n",
       "      <td>21.476949</td>\n",
       "      <td>5.976949</td>\n",
       "      <td>6.307754</td>\n",
       "    </tr>\n",
       "  </tbody>\n",
       "</table>\n",
       "</div>"
      ],
      "text/plain": [
       "              id    year  y_true  y_pred_best  error_best  error_abs_best  \\\n",
       "onset_date                                                                  \n",
       "03.06.2000  36.0  2000.0    15.5    10.744908   -4.755092        4.835664   \n",
       "04.06.1980  36.0  1980.0    15.5    15.207238   -0.292762        2.455932   \n",
       "05.06.2015  36.0  2015.0    15.5    14.060261   -1.439739        2.803361   \n",
       "06.06.2014  36.0  2014.0    15.5    17.298371    1.798371        3.467480   \n",
       "07.06.2005  36.0  2005.0    15.5    14.091575   -1.408425        3.672447   \n",
       "08.06.2016  36.0  2016.0    15.5    11.930035   -3.569965        4.200936   \n",
       "10.06.1995  36.0  1995.0    15.5    13.307276   -2.192724        3.535866   \n",
       "11.06.2003  36.0  2003.0    15.5    13.699566   -1.800434        3.350704   \n",
       "20.05.1990  36.0  1990.0    15.5    23.149580    7.649580        7.879184   \n",
       "23.05.2004  36.0  2004.0    15.5    18.519020    3.019020        4.599107   \n",
       "30.05.1985  36.0  1985.0    15.5    14.079157   -1.420843        3.067656   \n",
       "30.05.2017  36.0  2017.0    15.5    15.724115    0.224115        3.268149   \n",
       "31.05.2010  36.0  2010.0    15.5    19.098800    3.598800        5.337549   \n",
       "\n",
       "            y_pred_latest  error_latest  error_abs_latest  \n",
       "onset_date                                                 \n",
       "03.06.2000      12.119088     -3.380912          3.561595  \n",
       "04.06.1980      16.397451      0.897451          2.457338  \n",
       "05.06.2015      14.174548     -1.325452          2.960941  \n",
       "06.06.2014      17.978903      2.478903          3.646591  \n",
       "07.06.2005      14.129588     -1.370412          2.778753  \n",
       "08.06.2016      11.860849     -3.639151          4.136955  \n",
       "10.06.1995      14.912927     -0.587073          2.610699  \n",
       "11.06.2003      14.509229     -0.990771          2.387890  \n",
       "20.05.1990      26.870906     11.370906         13.161564  \n",
       "23.05.2004      19.985379      4.485379          5.305509  \n",
       "30.05.1985      15.564742      0.064742          1.983346  \n",
       "30.05.2017      17.844774      2.344774          2.782668  \n",
       "31.05.2010      21.476949      5.976949          6.307754  "
      ]
     },
     "execution_count": 26,
     "metadata": {},
     "output_type": "execute_result"
    }
   ],
   "source": [
    "df[df['id'] > 31].groupby(['onset_date']).mean()"
   ]
  },
  {
   "cell_type": "code",
   "execution_count": 7,
   "metadata": {},
   "outputs": [
    {
     "data": {
      "text/html": [
       "<div>\n",
       "<style scoped>\n",
       "    .dataframe tbody tr th:only-of-type {\n",
       "        vertical-align: middle;\n",
       "    }\n",
       "\n",
       "    .dataframe tbody tr th {\n",
       "        vertical-align: top;\n",
       "    }\n",
       "\n",
       "    .dataframe thead th {\n",
       "        text-align: right;\n",
       "    }\n",
       "</style>\n",
       "<table border=\"1\" class=\"dataframe\">\n",
       "  <thead>\n",
       "    <tr style=\"text-align: right;\">\n",
       "      <th></th>\n",
       "      <th>id</th>\n",
       "      <th>year</th>\n",
       "      <th>y_true</th>\n",
       "      <th>y_pred_best</th>\n",
       "      <th>error_best</th>\n",
       "      <th>error_abs_best</th>\n",
       "      <th>y_pred_latest</th>\n",
       "      <th>error_latest</th>\n",
       "      <th>error_abs_latest</th>\n",
       "    </tr>\n",
       "    <tr>\n",
       "      <th>set</th>\n",
       "      <th></th>\n",
       "      <th></th>\n",
       "      <th></th>\n",
       "      <th></th>\n",
       "      <th></th>\n",
       "      <th></th>\n",
       "      <th></th>\n",
       "      <th></th>\n",
       "      <th></th>\n",
       "    </tr>\n",
       "  </thead>\n",
       "  <tbody>\n",
       "    <tr>\n",
       "      <th>dev</th>\n",
       "      <td>34.295082</td>\n",
       "      <td>2001.377049</td>\n",
       "      <td>15.5</td>\n",
       "      <td>15.393684</td>\n",
       "      <td>-0.106316</td>\n",
       "      <td>5.212633</td>\n",
       "      <td>16.976408</td>\n",
       "      <td>1.476408</td>\n",
       "      <td>6.165616</td>\n",
       "    </tr>\n",
       "    <tr>\n",
       "      <th>test</th>\n",
       "      <td>34.000000</td>\n",
       "      <td>2007.442308</td>\n",
       "      <td>15.5</td>\n",
       "      <td>15.543174</td>\n",
       "      <td>0.043174</td>\n",
       "      <td>3.579571</td>\n",
       "      <td>16.653315</td>\n",
       "      <td>1.153315</td>\n",
       "      <td>3.158635</td>\n",
       "    </tr>\n",
       "  </tbody>\n",
       "</table>\n",
       "</div>"
      ],
      "text/plain": [
       "             id         year  y_true  y_pred_best  error_best  error_abs_best  \\\n",
       "set                                                                             \n",
       "dev   34.295082  2001.377049    15.5    15.393684   -0.106316        5.212633   \n",
       "test  34.000000  2007.442308    15.5    15.543174    0.043174        3.579571   \n",
       "\n",
       "      y_pred_latest  error_latest  error_abs_latest  \n",
       "set                                                  \n",
       "dev       16.976408      1.476408          6.165616  \n",
       "test      16.653315      1.153315          3.158635  "
      ]
     },
     "execution_count": 7,
     "metadata": {},
     "output_type": "execute_result"
    }
   ],
   "source": [
    "df.groupby(['set']).mean()"
   ]
  },
  {
   "cell_type": "code",
   "execution_count": 15,
   "metadata": {},
   "outputs": [
    {
     "data": {
